[gd_scene load_steps=2 format=3 uid="uid://3i1u7xv1iepg"]

[sub_resource type="BoxShape3D" id="BoxShape3D_ybp6p"]
size = Vector3(1, 0.0654687, 1)

[node name="Deck" type="RigidBody3D"]

[node name="CollisionShape3D" type="CollisionShape3D" parent="."]
transform = Transform3D(1, 0, 0, 0, 1, 0, 0, 0, 1, 0, 0.0353118, 0)
shape = SubResource("BoxShape3D_ybp6p")

[node name="CSGBox3D" type="CSGBox3D" parent="."]
transform = Transform3D(1, 0, 0, 0, 1, 0, 0, 0, 1, 0, 0.0356435, 0)
size = Vector3(1, 0.0669546, 1)

[node name="CSGCylinder3D" type="CSGCylinder3D" parent="."]
transform = Transform3D(0.688158, -0.162598, -0.707107, 0.229948, 0.973203, 0, 0.688158, -0.162598, 0.707107, -0.585369, 0.941651, -0.565857)
radius = 0.0272841
height = 1.86186

[node name="CSGCylinder3D2" type="CSGCylinder3D" parent="."]
transform = Transform3D(-0.688158, 0.162598, -0.707107, 0.229948, 0.973203, 0, 0.688158, -0.162598, -0.707107, 0.570796, 0.941651, -0.588616)
radius = 0.0272841
height = 1.86186

[node name="CSGCylinder3D3" type="CSGCylinder3D" parent="."]
transform = Transform3D(-0.688159, 0.162598, 0.707107, 0.229948, 0.973203, 0, -0.688158, 0.162598, -0.707107, 0.570796, 0.941651, 0.585757)
radius = 0.0272841
height = 1.86186

[node name="CSGCylinder3D4" type="CSGCylinder3D" parent="."]
transform = Transform3D(0.688158, -0.162598, 0.707107, 0.229948, 0.973203, 0, -0.688158, 0.162598, 0.707107, -0.585369, 0.941651, 0.608516)
radius = 0.0272841
height = 1.86186
